train_loss: 0.0037937900913175017
train_mse: [0.47437456 0.49646068]
train_mae: [0.54508275 0.5584768 ]
train_rmse: [0.68874854 0.7045997 ]
train_r2: [0.99999934 0.99999934]
val_loss: 0.028251115878423053
val_mse: [3.2696555 3.9586258]
val_mae: [1.337188  1.4511232]
val_rmse: [1.8082188 1.9896295]
val_r2: [0.99999547 0.99999505]
test_loss: 0.0295123768064694
test_mse: [3.3374844 4.1860723]
test_mae: [1.3439864 1.4701744]
test_rmse: [1.8268783 2.0459893]
test_r2: [0.9999954  0.99999475]
min_lr: 1e-05
max_lr: 0.0003
total_time: 8800.988657474518
average_epoch_time: 44.00492366909981

RMSE PosX: 1.8268780708312988
RMSE PosY: 2.0459883213043213
Mean Euclidean Error: 2.2111976146698
Average Inference Time per Sample: 0.028 ms

