train_loss: 0.012788826000487719
train_mse: [1.6943011 1.5782021]
train_mae: [1.0212106 0.9872668]
train_rmse: [1.3016533 1.2562652]
train_r2: [0.9999977 0.999998 ]
val_loss: 0.17677669301865592
val_mse: [14.1039505 31.12909  ]
val_mae: [2.7183187 3.1633117]
val_rmse: [3.7555227 5.5793447]
val_r2: [0.99998057 0.99996096]
test_loss: 0.13869287846400788
test_mse: [13.574482 21.720997]
test_mae: [2.7497625 3.186382 ]
test_rmse: [3.6843565 4.660579 ]
test_r2: [0.99998134 0.99997264]
min_lr: 2e-05
max_lr: 0.0003
total_time: 4715.649827480316
average_epoch_time: 23.57823411464691

RMSE PosX: 3.684359312057495
RMSE PosY: 4.66057825088501
Mean Euclidean Error: 4.68842887878418
Average Inference Time per Sample: 0.022 ms

