train_loss: 0.012491776276567947
train_mse: [1.6975315 1.4991297]
train_mae: [1.0318452  0.96194184]
train_rmse: [1.3028935 1.2243896]
train_r2: [0.9999977 0.9999981]
val_loss: 0.1779665271819584
val_mse: [14.3898115 31.146515 ]
val_mae: [2.7517362 3.9610872]
val_rmse: [3.7933905 5.5809064]
val_r2: [0.99998015 0.99996096]
test_loss: 0.17438148337785672
test_mse: [13.305418 31.080774]
test_mae: [2.6765175 3.955891 ]
test_rmse: [3.6476593 5.575013 ]
test_r2: [0.9999817  0.99996084]
min_lr: 2e-05
max_lr: 0.0003
total_time: 4694.344995975494
average_epoch_time: 23.47170696258545


RMSE PosX: 3.647657632827759
RMSE PosY: 5.575013637542725
Mean Euclidean Error: 5.241281032562256
Average Inference Time per Sample: 0.024 ms

