train_loss: 0.0772753797845195
train_mse: [ 9.196942 10.577675]
train_mae: [2.358064  2.5135698]
train_rmse: [3.0326462 3.2523336]
train_r2: [0.99998736 0.9999866 ]
val_loss: 1.7033379285297696
val_mse: [209.18188 226.57005]
val_mae: [10.909893 11.438995]
val_rmse: [14.463121 15.052244]
val_r2: [0.99971163 0.999716  ]
test_loss: 1.8080471339428976
test_mse: [216.66678 243.92363]
test_mae: [10.751536 11.643913]
test_rmse: [14.719605 15.618054]
test_r2: [0.9997024  0.99969274]
min_lr: 2e-06
max_lr: 0.0002
total_time: 6304.438137769699
average_epoch_time: 31.522169488668442

RMSE PosX: 14.719606399536133
RMSE PosY: 15.618062019348145
Mean Euclidean Error: 17.653522491455078
Average Inference Time per Sample: 0.017 ms

