train_loss: 0.0063620813988054525
train_mse: [0.76004565 0.8681901 ]
train_mae: [0.68616104 0.7376687 ]
train_rmse: [0.87180597 0.9317672 ]
train_r2: [0.9999989 0.9999989]
val_loss: 0.15180622225716
val_mse: [18.691673 20.148993]
val_mae: [3.0460436 3.2105937]
val_rmse: [4.3233867 4.488763 ]
val_r2: [0.99997425 0.9999747 ]
test_loss: 0.15592186406116412
test_mse: [19.86856  19.813004]
test_mae: [3.0677185 3.1885562]
test_rmse: [4.4574165 4.45118  ]
test_r2: [0.9999727 0.999975 ]
min_lr: 2e-05
max_lr: 0.0003
total_time: 4647.0941569805145
average_epoch_time: 23.235448721647263

RMSE PosX: 4.457417964935303
RMSE PosY: 4.451181411743164
Mean Euclidean Error: 4.916390419006348
Average Inference Time per Sample: 0.021 ms

