train_loss: 1.3748355884231176
train_mse: [180.00829 171.82747]
train_mae: [10.454513 10.24615 ]
train_rmse: [13.416717 13.108297]
train_r2: [0.9997525 0.9997824]
val_loss: 13.411266431051587
val_mse: [1586.0966 1844.9836]
val_mae: [26.328371 27.818443]
val_rmse: [39.82583  42.953274]
val_r2: [0.99781334 0.99768734]
test_loss: 13.679384266532667
test_mse: [1559.2444 1930.135 ]
test_mae: [26.467617 27.466724]
test_rmse: [39.48727 43.9333 ]
test_r2: [0.99785846 0.99756867]
min_lr: 5e-06
max_lr: 0.0003
total_time: 3507.0191485881805
average_epoch_time: 17.535077555179598

RMSE PosX: 39.48732376098633
RMSE PosY: 43.93329620361328
Mean Euclidean Error: 42.700050354003906
Average Inference Time per Sample: 0.007 ms

