train_loss: 0.009018080809740528
train_mse: [1.2244629 1.0833429]
train_mae: [0.87127215 0.80931383]
train_rmse: [1.1065545 1.0408376]
train_r2: [0.99999833 0.9999986 ]
val_loss: 0.09230355041367667
val_mse: [ 8.688424  14.9270525]
val_mae: [2.2483652 2.734483 ]
val_rmse: [2.9476132 3.8635545]
val_r2: [0.999988  0.9999813]
test_loss: 0.09556106060007794
test_mse: [ 8.897488 15.439841]
test_mae: [2.265572 2.738936]
test_rmse: [2.9828656 3.9293563]
test_r2: [0.9999878  0.99998057]
min_lr: 2e-05
max_lr: 0.0003
total_time: 4660.758217334747
average_epoch_time: 23.303776718378067

RMSE PosX: 2.9828665256500244
RMSE PosY: 3.9293620586395264
Mean Euclidean Error: 3.9552066326141357
Average Inference Time per Sample: 0.034 ms

