train_loss: 0.010589004696568339
train_mse: [1.3766855 1.3331033]
train_mae: [0.9337819  0.91487604]
train_rmse: [1.1733224 1.154601 ]
train_r2: [0.9999981  0.99999833]
val_loss: 0.2948546596557375
val_mse: [33.662556 41.801815]
val_mae: [2.5031695 2.9422002]
val_rmse: [5.8019443 6.465432 ]
val_r2: [0.99995357 0.9999476 ]
test_loss: 0.22432454182376804
test_mse: [23.945044 33.24166 ]
test_mae: [2.5228553 2.9428568]
test_rmse: [4.8933673 5.7655582]
test_r2: [0.9999671 0.9999581]
min_lr: 1e-05
max_lr: 0.0002
total_time: 6138.3403379917145
average_epoch_time: 30.691682716608046

RMSE PosX: 4.893381595611572
RMSE PosY: 5.765564918518066
Mean Euclidean Error: 4.302215099334717
Average Inference Time per Sample: 0.025 ms

