train_loss: 0.0043364870911269445
train_mse: [0.540505  0.5693061]
train_mae: [0.5759743  0.58507574]
train_rmse: [0.73519045 0.75452375]
train_r2: [0.9999993 0.9999993]
val_loss: 0.10647777850665743
val_mse: [ 8.087509 19.156776]
val_mae: [2.020375  2.9624367]
val_rmse: [2.8438547 4.3768454]
val_r2: [0.99998885 0.999976  ]
test_loss: 0.09647599951292482
test_mse: [ 7.3677034 17.207306 ]
test_mae: [1.9712354 2.8774445]
test_rmse: [2.7143514 4.148169 ]
test_r2: [0.99998987 0.9999783 ]
min_lr: 1e-05
max_lr: 0.0002
total_time: 8054.117271184921
average_epoch_time: 40.2705692589283

RMSE PosX: 2.7143476009368896
RMSE PosY: 4.14816951751709
Mean Euclidean Error: 3.832411527633667
Average Inference Time per Sample: 0.028 ms

