train_loss: 0.007759700315532657
train_mse: [1.0335841  0.95207316]
train_mae: [0.7966501 0.7557246]
train_rmse: [1.0166534  0.97574234]
train_r2: [0.99999857 0.9999988 ]
val_loss: 0.07433069613244798
val_mse: [ 7.297294 11.715327]
val_mae: [2.0362282 2.4152935]
val_rmse: [2.7013505 3.422766 ]
val_r2: [0.9999899  0.99998534]
test_loss: 0.07477451943091083
test_mse: [ 7.4161654 11.590591 ]
test_mae: [2.0551438 2.4065254]
test_rmse: [2.7232637 3.4044957]
test_r2: [0.9999898 0.9999854]
min_lr: 1e-05
max_lr: 0.0003
total_time: 8126.935603380203
average_epoch_time: 40.63466284871102

RMSE PosX: 2.7232666015625
RMSE PosY: 3.404496908187866
Mean Euclidean Error: 3.5163440704345703
Average Inference Time per Sample: 0.028 ms

