train_loss: 0.05091639250880163
train_mse: [8.538774  4.4900627]
train_mae: [2.2759562 1.6131538]
train_rmse: [2.922118  2.1189768]
train_r2: [0.99998826 0.99999434]
val_loss: 2.6417650840395974
val_mse: [160.84805 515.06506]
val_mae: [ 8.480723 16.194935]
val_rmse: [12.682589 22.695045]
val_r2: [0.9997783  0.99935436]
test_loss: 2.5623069189813497
test_mse: [143.8022  506.75223]
test_mae: [ 8.570049 16.196852]
test_rmse: [11.9917555 22.511158 ]
test_r2: [0.9998025 0.9993617]
min_lr: 2e-06
max_lr: 0.001
total_time: 3799.1900725364685
average_epoch_time: 18.995927337408066

RMSE PosX: 11.991743087768555
RMSE PosY: 22.511159896850586
Mean Euclidean Error: 19.690053939819336
Average Inference Time per Sample: 0.009 ms

