train_loss: 0.012783742380959858
train_mse: [1.5933713 1.6781455]
train_mae: [0.9987238 1.0249379]
train_rmse: [1.2622881 1.2954326]
train_r2: [0.9999978  0.99999785]
val_loss: 0.07574566226156931
val_mse: [9.423716 9.955707]
val_mae: [2.2788005 2.3371105]
val_rmse: [3.069807  3.1552665]
val_r2: [0.999987   0.99998754]
test_loss: 0.07628723829759983
test_mse: [ 9.457369 10.005745]
test_mae: [2.2716312 2.3364587]
test_rmse: [3.0752835 3.1631858]
test_r2: [0.999987  0.9999874]
min_lr: 2e-05
max_lr: 0.0003
total_time: 4660.679452180862
average_epoch_time: 23.30337710618973

RMSE PosX: 3.0752851963043213
RMSE PosY: 3.1631886959075928
Mean Euclidean Error: 3.6203432083129883
Average Inference Time per Sample: 0.024 ms

