train_loss: 0.006408491857869841
train_mse: [0.9028004 0.73706  ]
train_mae: [0.745219   0.67138016]
train_rmse: [0.95015806 0.858522  ]
train_r2: [0.99999875 0.99999905]
val_loss: 0.1173256786664327
val_mse: [11.460657 18.555735]
val_mae: [2.516441  2.9876022]
val_rmse: [3.3853593 4.3076367]
val_r2: [0.9999842  0.99997675]
test_loss: 0.11358675855690029
test_mse: [11.3770075 17.57477  ]
test_mae: [2.5085933 2.9692705]
test_rmse: [3.372982  4.1922274]
test_r2: [0.9999844 0.9999779]
min_lr: 1e-05
max_lr: 0.0002
total_time: 8115.155255794525
average_epoch_time: 40.57575922012329

RMSE PosX: 3.3729817867279053
RMSE PosY: 4.192227363586426
Mean Euclidean Error: 4.318670749664307
Average Inference Time per Sample: 0.028 ms

