train_loss: 0.02760383930117166
train_mse: [3.3982565 3.6654975]
train_mae: [1.4353266 1.4588852]
train_rmse: [1.8434361 1.9145489]
train_r2: [0.99999535 0.99999535]
val_loss: 1.1422125256250775
val_mse: [ 89.96033 202.33565]
val_mae: [6.165657 8.408719]
val_rmse: [ 9.484742 14.224474]
val_r2: [0.99987596 0.9997464 ]
test_loss: 1.131135781770017
test_mse: [ 83.641945 204.98587 ]
test_mae: [6.0905395 8.406462 ]
test_rmse: [ 9.145597  14.3173275]
test_r2: [0.99988514 0.9997418 ]
min_lr: 2e-05
max_lr: 0.0003
total_time: 3879.9070467948914
average_epoch_time: 19.399515521526336

RMSE PosX: 9.145607948303223
RMSE PosY: 14.317350387573242
Mean Euclidean Error: 11.477577209472656
Average Inference Time per Sample: 0.025 ms

