train_loss: 0.01165355338865883
train_mse: [1.6173714 1.3649735]
train_mae: [1.0015419 0.9203557]
train_rmse: [1.2717592 1.1683208]
train_r2: [0.9999978 0.9999983]
val_loss: 0.09953941738794721
val_mse: [ 8.306026 17.162718]
val_mae: [2.0803149 2.820365 ]
val_rmse: [2.8820179 4.1427913]
val_r2: [0.99998856 0.9999785 ]
test_loss: 0.16645372577077217
test_mse: [10.149853 32.283344]
test_mae: [2.0614798 2.7757072]
test_rmse: [3.1858833 5.6818433]
test_r2: [0.99998605 0.99995935]
min_lr: 2e-05
max_lr: 0.0003
total_time: 4680.807582855225
average_epoch_time: 23.4040203666687

RMSE PosX: 3.185884952545166
RMSE PosY: 5.681845188140869
Mean Euclidean Error: 3.8238718509674072
Average Inference Time per Sample: 0.022 ms

