train_loss: 0.30665942781045646
train_mse: [42.099827 36.37251 ]
train_mae: [5.0537076 4.635444 ]
train_rmse: [6.488438  6.0309625]
train_r2: [0.9999421 0.9999539]
val_loss: 4.211902520315988
val_mse: [246.59796 831.2136 ]
val_mae: [10.465961 19.201992]
val_rmse: [15.703438 28.830776]
val_r2: [0.99966    0.99895805]
test_loss: 4.182220362110863
test_mse: [235.76692 828.80115]
test_mae: [10.403261 18.940092]
test_rmse: [15.354704 28.788906]
test_r2: [0.99967617 0.99895597]
min_lr: 2e-06
max_lr: 0.001
total_time: 5079.647604465485
average_epoch_time: 25.39822091937065

RMSE PosX: 15.354731559753418
RMSE PosY: 28.788896560668945
Mean Euclidean Error: 23.267009735107422
Average Inference Time per Sample: 0.042 ms

