train_loss: 0.01173318446892689
train_mse: [1.5589111 1.4434212]
train_mae: [0.98454165 0.93532896]
train_rmse: [1.2485636 1.2014247]
train_r2: [0.99999785 0.99999815]
val_loss: 0.19391008195422946
val_mse: [14.481451 35.13632 ]
val_mae: [2.7360277 4.1689873]
val_rmse: [3.8054502 5.9275894]
val_r2: [0.99998003 0.99995595]
test_loss: 0.1946816493968965
test_mse: [14.72536 34.82132]
test_mae: [2.7151191 4.135004 ]
test_rmse: [3.8373637 5.900959 ]
test_r2: [0.9999798  0.99995613]
min_lr: 1e-05
max_lr: 0.0003
total_time: 8061.933303356171
average_epoch_time: 40.30965021967888

RMSE PosX: 3.8373682498931885
RMSE PosY: 5.9009599685668945
Mean Euclidean Error: 5.423524379730225
Average Inference Time per Sample: 0.030 ms

