train_loss: 209.13869925666307
train_mse: [107.17454 101.9504 ]
train_mae: [8.155358  7.9012685]
train_rmse: [10.352513 10.097049]
train_r2: [0.99985266 0.9998709 ]
val_loss: 2939.2066183035713
val_mse: [1146.3724 1792.837 ]
val_mae: [25.604382 32.369404]
val_rmse: [33.858124 42.341908]
val_r2: [0.9984196  0.99775267]
test_loss: 2997.0511058150146
test_mse: [1179.6445 1817.4033]
test_mae: [25.82708  32.696865]
test_rmse: [34.345955 42.631012]
test_r2: [0.9983798 0.9977107]
min_lr: 2e-06
max_lr: 0.0002
total_time: 2531.6102619171143
average_epoch_time: 12.658033373355865


RMSE PosX: 34.3459587097168
RMSE PosY: 42.631046295166016
Mean Euclidean Error: 46.135799407958984
Average Inference Time per Sample: 0.009 ms

